00000000000000000000000000
00000000000000000000000000
00022222000000000000222220
00020022000000000000220020
02220000220033330022000002
02000000220033330022000002
22000000223333333322000002
22000000223333333322000002
22000002223311113322000022
22000002223311113322000022
02000022555555555555222222
02222222555555555555222222
00222222111122111122222220
00222222111122111122222220
00002222110022001122222000
00002222110022001122222000
00002222222222222222222000
00002222222222222222222000
22332222221111222222223322
22330000001111000000003322
22333333333333333333333322
22333333333333333333333322
00003333330000003333333300
00003333332222223333333300
00000020002200220000200000
00000020002200220000200000

00000000000000000000000000
00000000000000000000000000
00220022002200220022002200
00220022002200220022002200
00220022002200220022002200
00220022002200220022002200
00220022002211220022002200
00220022002211220022002200
00220022002200220022002200
00220022000000000022002200
00220022000000000022002200
00000000002200220000000000
00000000002200220000000000
22002222000000000022220022
11002222000000000022220011
00000000002200220000000000
00000000002222220000000000
00220022002222220022002200
00220022002200220022002200
00220022002200220022002200
00220022002200220022002200
00220022000000000022002200
00220022000000000022002200
00220022000222200022002200
00000000000200200000000000
00000000000200200000000000